#DEGREE 7
#ROOTS -0.9500091192546861185164175367390271276235580444335937500000000000 -0.6352934951681599162753855125629343092441558837890625000000000000 -0.1917953193759369956428173509266343899071216583251953125000000000 0.6861964832687925675003270953311584889888763427734375000000000000 0.9398714785942532401463722635526210069656372070312500000000000000 0.9398714785942532401463722635526210069656372070312500000000000000 1.4348781514719479712738348098355345427989959716796875000000000000
#COEFFICIENTS 0.1006794047355927257392238516331417486071586608886718750000000000 0.3582582294091962160642594881210243329405784606933593750000000000 -1.1568905720441242657159364171093329787254333496093750000000000000 -0.8981511070431801302405006026674527674913406372070312500000000000 3.1651632171919774627610877359984442591667175292968750000000000000 -0.3472145970102993306483085689251311123371124267578125000000000000 -2.2237196581304639053655591851565986871719360351562500000000000000 1.0000000000000000000000000000000000000000000000000000000000000000
#ERRORBOUND 0.000001

#DEGREE 4
#ROOTS 1 1 2 3
#COEFFICIENTS 6 -17 17 -7 1
#ERRORBOUND 0.000001


#END
